69
87
1, 2, 7
2, 1, 3, 8
3, 2, 10
4, 5, 11
5, 4, 6, 13
6, 5, 14
7, 1, 8, 15
8, 2, 7, 9, 16 
9, 8, 10, 17
10, 3, 9, 11
11, 4, 10, 12
12, 11, 13, 20
13, 5, 12, 14, 21
14, 6, 13, 22
15, 7, 16
16, 8, 15, 29
17, 9, 18
18, 17, 24
19, 20, 26
20, 12, 19
21, 13, 22, 33
22, 14, 21
23, 24, 30
24, 23, 25, 27
25, 24, 26, 31
26, 19, 25, 27
27, 26, 32
28, 29
29, 16, 28, 30, 39
30, 23, 29, 35
31, 25
32, 27, 33, 37
33, 21, 32, 34, 44
34, 33
35, 30, 36, 40
36, 35, 37
37, 32, 36
38, 39, 46
39, 29, 38, 40, 48
40, 35, 39, 41
41, 40, 50
42, 43, 51
43, 37, 42, 44
44, 33, 43, 45, 53
45, 44, 55
46, 38, 47
47, 46, 57
48, 39, 49, 58
49, 48, 50, 52
50, 41, 49, 51
51, 42, 50, 52
52, 51, 53, 62
53, 44, 52, 63
54, 55, 64
55, 45, 54
56, 57, 66
57, 47, 56, 58
58, 48, 57
59, 49, 60
60, 59, 67
61, 62, 68
62, 52, 61
63, 53, 64
64, 54, 63, 65
65, 64, 69
66, 56, 67
67, 60, 66, 68
68, 61, 67, 69
69, 65, 68